0,549
0,548
0,547
0,546
3,2
3,1
3,3
10,214
10,182
10,20
10,116
10,140
10,172
10,264
10,310
11,8
11,10
9,4
9,6
9,2
8,9
8,6
8,18
8,8
8,2
8,3
74,3
74,2
74,0
73,2
73,0
70,2
70,0
69,6
69,5
69,4
69,3
69,2
69,1
69,0
67,4
67,3
67,2
67,1
67,0
66,4
66,3
66,2
66,1
66,0
62,4
62,3
62,2
62,1
62,0
61,4
61,3
61,2
61,1
61,0
59,5
59,4
59,3
59,2
59,1
59,0
56,5
56,4
56,3
56,1
54,3
54,1
52,3
52,1
45,3
45,1
42,3
42,1
20,3
20,2
20,1
19,3
19,2
19,1
12,3
12,2
12,1
11,29
11,28
11,27
11,26
11,25
11,24
11,23
11,22
11,21
11,20
11,19
11,18
11,17
11,16
18,1
11,15
18,3
11,13
11,12
11,11
11,1
11,7
11,3
11,2
10,311
10,243
10,231
10,207
10,195
10,155
10,95
10,1
10,77
10,3
